0.289000 0.288900 0.288700 0.288600 0.177200 0 0 0 0 0 
8
0.281700 0.288900 0.288700 0.288600 0.177200 0 0 0 0 0 
8
0.281700 0.281400 0.288700 0.288600 0.177200 0 0 0 0 0 
8
0.281700 0.281400 0.281000 0.288600 0.177200 0 0 0 0 0 
8
0.281700 0.281400 0.281000 0.280700 0.177200 0 0 0 0 0 
8
0.281700 0.281400 0.281000 0.280700 0.181500 0 0 0 0 0 
8
0.290500 0.289600 0.288500 0.287400 0.215600 0 0 0 0 0 
8
0.220200 0.287900 0.288200 0.288400 0.288600 0 0 0 0 0 
13
0.220200 0.286100 0.288200 0.288400 0.288600 0 0 0 0 0 
13
0.220200 0.286100 0.286500 0.288400 0.288600 0 0 0 0 0 
13
0.220200 0.286100 0.286500 0.287000 0.288600 0 0 0 0 0 
13
0.220200 0.286100 0.286500 0.287000 0.287300 0 0 0 0 0 
13
0.285000 0.285100 0.285200 0.285400 0.152800 0 0 0 0 0 
8
0.285800 0.285100 0.285200 0.285400 0.152800 0 0 0 0 0 
8
0.285800 0.285500 0.285200 0.285400 0.152800 0 0 0 0 0 
8
0.285800 0.285500 0.285300 0.285400 0.152800 0 0 0 0 0
8
0.285800 0.285500 0.285300 0.285000 0.152800 0 0 0 0 0 
8
0.285800 0.285500 0.285300 0.285000 0.172300 0 0 0 0 0 
8
0.283800 0.284000 0.284300 0.284500 0.220400 0 0 0 0 0 
8
0.280800 0.284000 0.284300 0.284500 0.220400 0 0 0 0 0 
8
0.280800 0.281200 0.284300 0.284500 0.220400 0 0 0 0 0 
8
0.280800 0.281200 0.281700 0.284500 0.220400 0 0 0 0 0 
8
0.280800 0.281200 0.281700 0.282200 0.220400 0 0 0 0 0 
8
0.179500 0.280500 0.284300 0.283600 0.282900 0 0 0 0 0 
13
0.179500 0.228400 0.284300 0.283600 0.282900 0 0 0 0 0 
4
0.179500 0.228400 0.279200 0.283600 0.282900 0 0 0 0 0 
4
0.179500 0.228400 0.279200 0.283000 0.282900 0 0 0 0 0 
4
0.179500 0.228400 0.279200 0.283000 0.282400 0 0 0 0 0 
4
0.237100 0.224500 0.274100 0.258800 0.244500 0 0 0 0 0 
4
0.237100 0.224500 0.211300 0.258800 0.244500 0 0 0 0 0 
4
0.237100 0.224500 0.211300 0.198200 0.244500 0 0 0 0 0 
4
0.237100 0.224500 0.211300 0.198200 0.185600 0 0 0 0 0 
1
0.250400 0.235900 0.220800 0.259600 0.246400 0 0 0 0 0 
11
0.250400 0.235900 0.220800 0.205700 0.246400 0 0 0 0 0 
10
0.250400 0.235900 0.220800 0.205700 0.191300 0 0 0 0 0 
6
0.283000 0.282700 0.282500 0.254300 0.224300 0 0 0 0 0 
8
0.290300 0.290100 0.289900 0.289600 0.220500 0 0 0 0 0 
8
0.284800 0.290100 0.289900 0.289600 0.220500 0 0 0 0 0 
8
0.284800 0.284500 0.289900 0.289600 0.220500 0 0 0 0 0 
8
0.284800 0.284500 0.284100 0.289600 0.220500 0 0 0 0 0 
8
0.284800 0.284500 0.284100 0.283600 0.220500 0 0 0 0 0 
8
0.284800 0.284500 0.284100 0.283600 0.214900 0 0 0 0 0 
8
0.286000 0.286100 0.286200 0.286300 0.227900 0 0 0 0 0 
8
0.283500 0.286100 0.286200 0.286300 0.227900 0 0 0 0 0 
8
0.283500 0.283500 0.286200 0.286300 0.227900 0 0 0 0 0 
8
0.283500 0.283500 0.283500 0.286300 0.227900 0 0 0 0 0 
8
0.283500 0.283500 0.283500 0.283500 0.227900 0 0 0 0 0 
8
0.283500 0.283500 0.283500 0.283500 0.223400 0 0 0 0 0 
8
0.288900 0.283500 0.283500 0.283500 0.223400 0 0 0 0 0 
8
0.288900 0.288700 0.283500 0.283500 0.223400 0 0 0 0 0 
8
0.288900 0.288700 0.288500 0.283500 0.223400 0 0 0 0 0 
8
0.288900 0.288700 0.288500 0.288200 0.223400 0 0 0 0 0 
8
0 0 0 0 0 0.289100 0.289200 0.289300 0.289500 0.204200 
0
0.287400 0.287400 0.287400 0.287400 0.193600 0 0 0 0 0 
8
0.287500 0.287400 0.287400 0.287400 0.193600 0 0 0 0 0 
8
0.287500 0.287300 0.287400 0.287400 0.193600 0 0 0 0 0 
8
0.287500 0.287300 0.287100 0.287400 0.193600 0 0 0 0 0 
8
0.287500 0.287300 0.287100 0.286800 0.193600 0 0 0 0 0 
8
0.287500 0.287300 0.287100 0.286800 0.189400 0 0 0 0 0 
8
0 0 0 0 0 0.290200 0.289700 0.289200 0.288800 0.199200
0 
0.280700 0.281000 0.281200 0.281400 0.220400 0 0 0 0 0 
8
0.282200 0.281000 0.281200 0.281400 0.220400 0 0 0 0 0 
8
0.282200 0.282500 0.281200 0.281400 0.220400 0 0 0 0 0
 8
0.282200 0.282500 0.282900 0.281400 0.220400 0 0 0 0 0 
8
0.282200 0.282500 0.282900 0.283200 0.220400 0 0 0 0 0 
8
0.282200 0.282500 0.282900 0.283200 0.213600 0 0 0 0 0 
8
0.285600 0.282500 0.282900 0.283200 0.213600 0 0 0 0 0 
8
0.285600 0.285300 0.282900 0.283200 0.213600 0 0 0 0 0 
8
0.285600 0.285300 0.285100 0.283200 0.213600 0 0 0 0 0 
8
0.285600 0.285300 0.285100 0.284900 0.213600 0 0 0 0 0 
8
0.287400 0.276100 0.259800 0.243600 0.228300 0 0 0 0 0 
8
0.285700 0.285000 0.284200 0.279200 0.229000 0 0 0 0 0 
8
0.287500 0.287200 0.286800 0.286500 0.193300 0 0 0 0 0 
8
0.288900 0.288600 0.288400 0.288200 0.100000 0 0 0 0 0 
8
0.285000 0.284400 0.284000 0.283500 0.123500 0 0 0 0 0 
8
0.285000 0.284600 0.284000 0.283500 0.123500 0 0 0 0 0 
8
0.285000 0.284600 0.284300 0.283500 0.123500 0 0 0 0 0 
8
0.285000 0.284600 0.284300 0.283900 0.123500 0 0 0 0 0 
8
0.282900 0.282800 0.282700 0.282500 0.124300 0 0 0 0 0 
8
0.283300 0.282800 0.282700 0.282500 0.124300 0 0 0 0 0 
8
0.283300 0.283100 0.282700 0.282500 0.124300 0 0 0 0 0 
8
0.283300 0.283100 0.282600 0.282500 0.124300 0 0 0 0 0 8
0.283300 0.283100 0.282600 0.282100 0.124300 0 0 0 0 0 8
0.283300 0.283100 0.282600 0.282100 0.123600 0 0 0 0 0 8
0.291100 0.290300 0.289400 0.288400 0.100000 0 0 0 0 0 8
0.288300 0.287300 0.287200 0.287100 0.200300 0 0 0 0 0 8
0.288300 0.288100 0.287200 0.287100 0.200300 0 0 0 0 0 8
0.288300 0.288100 0.287600 0.287100 0.200300 0 0 0 0 0 8
0.288300 0.288100 0.287600 0.287100 0.200300 0 0 0 0 0 8
0.288900 0.288300 0.287400 0.286600 0.100000 0 0 0 0 0 8
0.285200 0.288300 0.287400 0.286600 0.100000 0 0 0 0 0 8
0.285200 0.285000 0.287400 0.286600 0.100000 0 0 0 0 0 8
0.285200 0.285000 0.284700 0.286600 0.100000 0 0 0 0 0 8
0.285200 0.285000 0.284700 0.284500 0.100000 0 0 0 0 0 8
0.285200 0.285000 0.284700 0.284500 0.100000 0 0 0 0 0 8
0.290100 0.283200 0.282900 0.282700 0.141900 0 0 0 0 0 8
0.290100 0.289800 0.282900 0.282700 0.141900 0 0 0 0 0 8
0.290100 0.289800 0.289600 0.282700 0.141900 0 0 0 0 0 8
0.290100 0.289800 0.289600 0.289300 0.141900 0 0 0 0 0 8
0.212200 0.285800 0.285500 0.285300 0.285100 0 0 0 0 0 13
0.212200 0.285400 0.285500 0.285300 0.285100 0 0 0 0 0 13
0.212200 0.285400 0.285300 0.285300 0.285100 0 0 0 0 0 13
0.212200 0.285400 0.285300 0.285100 0.285100 0 0 0 0 0 13
0.212200 0.285400 0.285300 0.285100 0.285000 0 0 0 0 0 13
0.282300 0.281900 0.281300 0.280700 0.100000 0 0 0 0 0 8
0.282700 0.283000 0.283200 0.283400 0.211800 0 0 0 0 0 8
0.136300 0.288100 0.288100 0.288100 0.288100 0 0 0 0 0 13
0.136300 0.281400 0.288100 0.288100 0.288100 0 0 0 0 0 13
0.136300 0.281400 0.281000 0.288100 0.288100 0 0 0 0 0 13
0.136300 0.281400 0.281000 0.280500 0.288100 0 0 0 0 0 13
0.136300 0.281400 0.281000 0.280500 0.280000 0 0 0 0 0 13
0.109600 0.281400 0.281000 0.280500 0.280000 0 0 0 0 0 13
0.109600 0.283600 0.281000 0.280500 0.280000 0 0 0 0 0 13
0.109600 0.283600 0.283100 0.280500 0.280000 0 0 0 0 0 13
0.109600 0.283600 0.283100 0.282600 0.280000 0 0 0 0 0 13
0.109600 0.283600 0.283100 0.282600 0.282200 0 0 0 0 0 13
0.116300 0.283600 0.283100 0.282600 0.282200 0 0 0 0 0 13
0.116300 0.281100 0.283100 0.282600 0.282200 0 0 0 0 0 13
0.116300 0.281100 0.281000 0.282600 0.282200 0 0 0 0 0 13
0.116300 0.281100 0.281000 0.280900 0.282200 0 0 0 0 0 13
0.116300 0.281100 0.281000 0.280900 0.280800 0 0 0 0 0 13
0.107400 0.281100 0.281000 0.280900 0.280800 0 0 0 0 0 13
0.107400 0.284000 0.281000 0.280900 0.280800 0 0 0 0 0 13
0.107400 0.284000 0.283600 0.280900 0.280800 0 0 0 0 0 13
0.107400 0.284000 0.283600 0.283300 0.280800 0 0 0 0 0 13
0.107400 0.284000 0.283600 0.283300 0.282900 0 0 0 0 0 13
0.284900 0.284700 0.284500 0.284200 0.218500 0 0 0 0 0 8
0.284700 0.284700 0.284500 0.284200 0.218500 0 0 0 0 0 8
0.284700 0.284500 0.284500 0.284200 0.218500 0 0 0 0 0 8
0.284700 0.284500 0.284200 0.284200 0.218500 0 0 0 0 0 8
0.284700 0.284500 0.284200 0.284000 0.218500 0 0 0 0 0 8
0.284700 0.284500 0.284200 0.284000 0.214600 0 0 0 0 0 8
0.284700 0.284500 0.284200 0.284000 0.214600 0 0 0 0 0 8
0.284700 0.284500 0.284200 0.284000 0.214600 0 0 0 0 0 8
0.284700 0.284500 0.284200 0.284000 0.214600 0 0 0 0 0 8
0.284700 0.284500 0.284200 0.284000 0.214600 0 0 0 0 0 8
0.284700 0.284500 0.284200 0.284000 0.214300 0 0 0 0 0 8
0.285100 0.284500 0.284200 0.284000 0.214300 0 0 0 0 0 8
0.285100 0.284900 0.284200 0.284000 0.214300 0 0 0 0 0 8
0.285100 0.284900 0.284600 0.284000 0.214300 0 0 0 0 0 8
0.285100 0.284900 0.284600 0.284400 0.214300 0 0 0 0 0 8
0.285100 0.284900 0.284600 0.284400 0.213600 0 0 0 0 0 8
0.100000 0.283000 0.282800 0.282500 0.282300 0 0 0 0 0 13
0.100000 0.286600 0.282800 0.282500 0.282300 0 0 0 0 0 13
0.100000 0.286600 0.286400 0.282500 0.282300 0 0 0 0 0 13
0.100000 0.286600 0.286400 0.286100 0.282300 0 0 0 0 0 13
0.100000 0.286600 0.286400 0.286100 0.285900 0 0 0 0 0 13
0.111100 0.286600 0.286400 0.286100 0.285900 0 0 0 0 0 13
0.111100 0.283900 0.286400 0.286100 0.285900 0 0 0 0 0 13
0.111100 0.283900 0.283300 0.286100 0.285900 0 0 0 0 0 13
0.111100 0.283900 0.283300 0.282700 0.285900 0 0 0 0 0 13
0.111100 0.283900 0.283300 0.282700 0.282100 0 0 0 0 0 13
0.100000 0.283900 0.283300 0.282700 0.282100 0 0 0 0 0 13
0.100000 0.285500 0.283300 0.282700 0.282100 0 0 0 0 0 13
0.100000 0.285500 0.285100 0.282700 0.282100 0 0 0 0 0 13
0.100000 0.285500 0.285100 0.284800 0.282100 0 0 0 0 0 13
0.100000 0.285500 0.285100 0.284800 0.284400 0 0 0 0 0 13
0.100000 0.285500 0.285100 0.284800 0.284400 0 0 0 0 0 13
0.100000 0.285300 0.285100 0.284800 0.284400 0 0 0 0 0 13
0.100000 0.285300 0.284900 0.284800 0.284400 0 0 0 0 0 13
0.100000 0.285300 0.284900 0.284600 0.284400 0 0 0 0 0 13
0.100000 0.285300 0.284900 0.284600 0.284200 0 0 0 0 0 13
0.107700 0.285300 0.284900 0.284600 0.284200 0 0 0 0 0 13
0.107700 0.285300 0.284900 0.284600 0.284200 0 0 0 0 0 13
0.107700 0.285300 0.284900 0.284600 0.284200 0 0 0 0 0 13
0.107700 0.285300 0.284900 0.284600 0.284200 0 0 0 0 0 13
0.107700 0.285300 0.284900 0.284600 0.284200 0 0 0 0 0 13
0.111100 0.285300 0.284900 0.284600 0.284200 0 0 0 0 0 13
0.111100 0.285800 0.284900 0.284600 0.284200 0 0 0 0 0 13
0.111100 0.285800 0.285400 0.284600 0.284200 0 0 0 0 0 13
0.111100 0.285800 0.285400 0.285100 0.284200 0 0 0 0 0 13
0.111100 0.285800 0.285400 0.285100 0.284700 0 0 0 0 0 13
0 0 0 0 0 0.102600 0.285200 0.284900 0.284700 0.284500 
0 0 0 0 0 0.102600 0.303100 0.284900 0.284700 0.284500 
0.100000 0.285000 0.284500 0.284000 0.283500 0 0 0 0 0 13
0.100000 0.288200 0.284500 0.284000 0.283500 0 0 0 0 0 13
0.100000 0.288200 0.288100 0.284000 0.283500 0 0 0 0 0 13
0.100000 0.288200 0.288100 0.288000 0.283500 0 0 0 0 0 13
0.100000 0.288200 0.288100 0.288000 0.287900 0 0 0 0 0 13
0.142500 0.288200 0.288100 0.288000 0.287900 0 0 0 0 0 13
0.142500 0.284500 0.288100 0.288000 0.287900 0 0 0 0 0 13
0.142500 0.284500 0.284500 0.288000 0.287900 0 0 0 0 0 13
0.142500 0.284500 0.284500 0.284500 0.287900 0 0 0 0 0 13
0.142500 0.284500 0.284500 0.284500 0.284500 0 0 0 0 0 13
0 0 0 0 0 0.290700 0.252900 0.216500 0.282600 0.282100 
0 0 0 0 0 0.290700 0.254700 0.216500 0.282600 0.282100 
0 0 0 0 0 0.290600 0.291300 0.292100 0.292800 0.211100 
0 0 0 0 0 0.291100 0.291300 0.292100 0.292800 0.211100 
0.284200 0.284000 0.283700 0.193400 0.262500 0 0 0 0 0 14
0.284200 0.284000 0.283700 0.193400 0.170000 0 0 0 0 0 8
0.288300 0.284000 0.283700 0.193400 0.170000 0 0 0 0 0 8
0.288300 0.288100 0.283700 0.193400 0.170000 0 0 0 0 0 8
0.288300 0.288100 0.288000 0.193400 0.170000 0 0 0 0 0 8
0.288300 0.288100 0.288000 0.154500 0.170000 0 0 0 0 0 8
0.288300 0.288100 0.288000 0.154500 0.132100 0 0 0 0 0 8
0.290200 0.289700 0.289000 0.288200 0.102800 0 0 0 0 0 8
0.286100 0.289700 0.289000 0.288200 0.102800 0 0 0 0 0 8
0.286100 0.286000 0.289000 0.288200 0.102800 0 0 0 0 0 8
0.286100 0.286000 0.285800 0.288200 0.102800 0 0 0 0 0 8
0.286100 0.286000 0.285800 0.285700 0.102800 0 0 0 0 0 8
0.286100 0.286000 0.285800 0.285700 0.100000 0 0 0 0 0 8
0.285700 0.286500 0.200100 0.279100 0.284700 0 0 0 0 0 11
0.285700 0.286500 0.200100 0.213300 0.284700 0 0 0 0 0 10
0.285700 0.286500 0.200100 0.213300 0.288800 0 0 0 0 0 10
0.286800 0.286500 0.200100 0.213300 0.288800 0 0 0 0 0 10
0.286800 0.287200 0.200100 0.213300 0.288800 0 0 0 0 0 10
0.286800 0.287200 0.199300 0.213300 0.288800 0 0 0 0 0 10
0.286800 0.287200 0.199300 0.208900 0.288800 0 0 0 0 0 10
0.286800 0.287200 0.199300 0.208900 0.288300 0 0 0 0 0 10
0.288700 0.287200 0.199300 0.208900 0.288300 0 0 0 0 0 10
0.288700 0.289400 0.199300 0.208900 0.288300 0 0 0 0 0 10
0.288700 0.289400 0.163300 0.208900 0.288300 0 0 0 0 0 10
0.288700 0.289400 0.163300 0.226200 0.288300 0 0 0 0 0 10
0.288700 0.289400 0.163300 0.226200 0.291300 0 0 0 0 0 10
0.173100 0.292700 0.292600 0.292500 0.292400 0 0 0 0 0 13
0.173100 0.288000 0.292600 0.292500 0.292400 0 0 0 0 0 13
0.173100 0.288000 0.287300 0.292500 0.292400 0 0 0 0 0 13
0.173100 0.288000 0.287300 0.286600 0.292400 0 0 0 0 0 13
0.173100 0.288000 0.287300 0.286600 0.285900 0 0 0 0 0 13
0.100000 0.285000 0.285200 0.285400 0.285700 0 0 0 0 0 13
0.100000 0.284300 0.285200 0.285400 0.285700 0 0 0 0 0 13
0.100000 0.284300 0.284100 0.285400 0.285700 0 0 0 0 0 13
0.100000 0.284300 0.284100 0.283800 0.285700 0 0 0 0 0 13
0.100000 0.284300 0.284100 0.283800 0.283600 0 0 0 0 0 13
0.204700 0.283500 0.282800 0.282100 0.281400 0 0 0 0 0 13
0.204700 0.282000 0.282800 0.282100 0.281400 0 0 0 0 0 13
0.204700 0.282000 0.280900 0.282100 0.281400 0 0 0 0 0 13
0.204700 0.282000 0.280900 0.279700 0.281400 0 0 0 0 0 13
0.204700 0.282000 0.280900 0.279700 0.278500 0 0 0 0 0 13
0.205600 0.284800 0.284900 0.285100 0.285200 0 0 0 0 0 13
0.205600 0.284200 0.284900 0.285100 0.285200 0 0 0 0 0 13
0.205600 0.284200 0.284100 0.285100 0.285200 0 0 0 0 0 13
0.205600 0.284200 0.284100 0.284000 0.285200 0 0 0 0 0 13
0.205600 0.284200 0.284100 0.284000 0.283800 0 0 0 0 0 13
0.208900 0.284200 0.284100 0.284000 0.283800 0 0 0 0 0 13
0.208900 0.287700 0.284100 0.284000 0.283800 0 0 0 0 0 13
0.208900 0.287700 0.287200 0.284000 0.283800 0 0 0 0 0 13
0.208900 0.287700 0.287200 0.286700 0.283800 0 0 0 0 0 13
0.208900 0.287700 0.287200 0.286700 0.286300 0 0 0 0 0 13
0.206700 0.287700 0.287200 0.286700 0.286300 0 0 0 0 0 13
0.206700 0.285200 0.287200 0.286700 0.286300 0 0 0 0 0 13
0.206700 0.285200 0.284800 0.286700 0.286300 0 0 0 0 0 13
0.206700 0.285200 0.284800 0.284500 0.286300 0 0 0 0 0 13
0.206700 0.285200 0.284800 0.284500 0.284100 0 0 0 0 0 13
0.281700 0.193300 0.285100 0.285100 0.285100 0 0 0 0 0 4
0.281700 0.193300 0.281000 0.285100 0.285100 0 0 0 0 0 4
0.281700 0.193300 0.281000 0.280500 0.285100 0 0 0 0 0 4
0.281700 0.193300 0.281000 0.280500 0.280000 0 0 0 0 0 4
0.287200 0.193300 0.281000 0.280500 0.280000 0 0 0 0 0 4
0.287200 0.109100 0.281000 0.280500 0.280000 0 0 0 0 0 4
0.287200 0.109100 0.286700 0.280500 0.280000 0 0 0 0 0 4
0.287200 0.109100 0.286700 0.286400 0.280000 0 0 0 0 0 4
0.287200 0.109100 0.286700 0.286400 0.286200 0 0 0 0 0 4
0.284300 0.109100 0.286700 0.286400 0.286200 0 0 0 0 0 4
0.284300 0.133000 0.286700 0.286400 0.286200 0 0 0 0 0 4
0.284300 0.133000 0.284300 0.286400 0.286200 0 0 0 0 0 4
0.284300 0.133000 0.284300 0.284300 0.286200 0 0 0 0 0 4
0.284300 0.133000 0.284300 0.284300 0.284300 0 0 0 0 0 4
0.284300 0.133000 0.284300 0.284300 0.284300 0 0 0 0 0 4
0.284300 0.135100 0.284300 0.284300 0.284300 0 0 0 0 0 4
0.284300 0.135100 0.284300 0.284300 0.284300 0 0 0 0 0 4
0.284300 0.135100 0.284300 0.284300 0.284300 0 0 0 0 0 4
0.284300 0.135100 0.284300 0.284300 0.284300 0 0 0 0 0 4
0.210800 0.286500 0.247800 0.285300 0.284700 0 0 0 0 0 13
0.210800 0.289500 0.247800 0.285300 0.284700 0 0 0 0 0 13
0.210800 0.289500 0.208300 0.285300 0.284700 0 0 0 0 0 11
0.210800 0.289500 0.208300 0.290200 0.284700 0 0 0 0 0 11
0.210800 0.289500 0.208300 0.290200 0.290600 0 0 0 0 0 11
0.210300 0.289500 0.208300 0.290200 0.290600 0 0 0 0 0 11
0.210300 0.288000 0.208300 0.290200 0.290600 0 0 0 0 0 11
0.210300 0.288000 0.204700 0.290200 0.290600 0 0 0 0 0 11
0.210300 0.288000 0.204700 0.289200 0.290600 0 0 0 0 0 11
0.210300 0.288000 0.204700 0.289200 0.289600 0 0 0 0 0 11
0.208800 0.288000 0.204700 0.289200 0.289600 0 0 0 0 0 11
0.208800 0.287100 0.204700 0.289200 0.289600 0 0 0 0 0 11
0.208800 0.287100 0.203400 0.289200 0.289600 0 0 0 0 0 11
0.208800 0.287100 0.203400 0.288200 0.289600 0 0 0 0 0 11
0.208800 0.287100 0.203400 0.288200 0.288600 0 0 0 0 0 11
0.133800 0.284600 0.284300 0.283900 0.283500 0 0 0 0 0 13
0.133800 0.291500 0.284300 0.283900 0.283500 0 0 0 0 0 13
0.133800 0.291500 0.291500 0.283900 0.283500 0 0 0 0 0 13
0.133800 0.291500 0.291500 0.291500 0.283500 0 0 0 0 0 13
0.133800 0.291500 0.291500 0.291500 0.291500 0 0 0 0 0 13
0.205900 0.279200 0.278300 0.277300 0.262900 0 0 0 0 0 13
0.205900 0.283700 0.278300 0.277300 0.262900 0 0 0 0 0 13
0.205900 0.283700 0.283500 0.277300 0.262900 0 0 0 0 0 13
0.205900 0.283700 0.283500 0.283300 0.262900 0 0 0 0 0 13
0.205900 0.283700 0.283500 0.283300 0.227600 0 0 0 0 0 8
0.204200 0.255400 0.276000 0.283300 0.283000 0 0 0 0 0 13
0.204200 0.204300 0.276000 0.283300 0.283000 0 0 0 0 0 4
0.204200 0.204300 0.216700 0.283300 0.283000 0 0 0 0 0 4
0.204200 0.204300 0.216700 0.239500 0.283000 0 0 0 0 0 4
0.204200 0.204300 0.216700 0.239500 0.261300 0 0 0 0 0 4
0.208100 0.204300 0.216700 0.239500 0.261300 0 0 0 0 0 4
0.208100 0.207700 0.216700 0.239500 0.261300 0 0 0 0 0 4
0.208100 0.207700 0.211000 0.239500 0.261300 0 0 0 0 0 4
0.208100 0.207700 0.211000 0.227300 0.261300 0 0 0 0 0 4
0.208100 0.207700 0.211000 0.227300 0.242900 0 0 0 0 0 4
0.206500 0.207700 0.211000 0.227300 0.242900 0 0 0 0 0 4
0.206500 0.206100 0.211000 0.227300 0.242900 0 0 0 0 0 4
0.206500 0.206100 0.210200 0.227300 0.242900 0 0 0 0 0 4
0.206500 0.206100 0.210200 0.229800 0.242900 0 0 0 0 0 4
0.206500 0.206100 0.210200 0.229800 0.248600 0 0 0 0 0 4
0.207500 0.205200 0.210000 0.231200 0.251500 0 0 0 0 0 4
0.207500 0.207100 0.210000 0.231200 0.251500 0 0 0 0 0 4
0.207500 0.207100 0.209200 0.231200 0.251500 0 0 0 0 0 4
0.207500 0.207100 0.209200 0.221000 0.251500 0 0 0 0 0 4
0.207500 0.207100 0.209200 0.221000 0.232400 0 0 0 0 0 4
0.207200 0.207100 0.209200 0.221000 0.232400 0 0 0 0 0 4
0.207200 0.206800 0.209200 0.221000 0.232400 0 0 0 0 0 4
0.207200 0.206800 0.208600 0.221000 0.232400 0 0 0 0 0 4
0.207200 0.206800 0.208600 0.226500 0.232400 0 0 0 0 0 4
0.207200 0.206800 0.208600 0.226500 0.243700 0 0 0 0 0 4
0.202100 0.283700 0.283500 0.283300 0.283000 0 0 0 0 0 13
0.202100 0.286100 0.283500 0.283300 0.283000 0 0 0 0 0 13
0.202100 0.286100 0.285700 0.283300 0.283000 0 0 0 0 0 13
0.202100 0.286100 0.285700 0.285400 0.283000 0 0 0 0 0 13
0.202100 0.286100 0.285700 0.285400 0.285000 0 0 0 0 0 13
0.216600 0.273000 0.289800 0.289700 0.289600 0 0 0 0 0 13
0.216600 0.235700 0.289800 0.289700 0.289600 0 0 0 0 0 13
0.216600 0.235700 0.255800 0.289700 0.289600 0 0 0 0 0 13
0.216600 0.235700 0.255800 0.276000 0.289600 0 0 0 0 0 13
0.216600 0.235700 0.255800 0.276000 0.287300 0 0 0 0 0 13
0.207600 0.235700 0.255800 0.276000 0.287300 0 0 0 0 0 13
0.207600 0.229600 0.255800 0.276000 0.287300 0 0 0 0 0 4
0.207600 0.229600 0.253400 0.276000 0.287300 0 0 0 0 0 4
0.207600 0.229600 0.253400 0.277300 0.287300 0 0 0 0 0 4
0.207600 0.229600 0.253400 0.277300 0.283300 0 0 0 0 0 4
0.292000 0.291400 0.290600 0.261600 0.224700 0 0 0 0 0 8
0.289500 0.291400 0.290600 0.261600 0.224700 0 0 0 0 0 8
0.289500 0.288700 0.290600 0.261600 0.224700 0 0 0 0 0 8
0.289500 0.288700 0.287600 0.261600 0.224700 0 0 0 0 0 8
0.289500 0.288700 0.287600 0.259000 0.224700 0 0 0 0 0 8
0.289500 0.288700 0.287600 0.259000 0.222500 0 0 0 0 0 8
0.291800 0.288700 0.287600 0.259000 0.222500 0 0 0 0 0 8
0.291800 0.291200 0.287600 0.259000 0.222500 0 0 0 0 0 8
0.291800 0.291200 0.290300 0.259000 0.222500 0 0 0 0 0 8
0.291800 0.291200 0.290300 0.260300 0.222500 0 0 0 0 0 8
0.291800 0.291200 0.290300 0.260300 0.211200 0 0 0 0 0 8
0.290400 0.291200 0.290300 0.260300 0.211200 0 0 0 0 0 8
0.290400 0.289500 0.290300 0.260300 0.211200 0 0 0 0 0 8
0.290400 0.289500 0.288300 0.260300 0.211200 0 0 0 0 0 8
0.290400 0.289500 0.288300 0.258000 0.211200 0 0 0 0 0 8
0.290400 0.289500 0.288300 0.258000 0.216200 0 0 0 0 0 8
0.291000 0.188900 0.285100 0.284600 0.284100 0 0 0 0 0 4
0.291000 0.188900 0.291700 0.284600 0.284100 0 0 0 0 0 4
0.291000 0.188900 0.291700 0.291100 0.284100 0 0 0 0 0 4
0.291000 0.188900 0.291700 0.291100 0.237600 0 0 0 0 0 4
0.286700 0.188900 0.291700 0.291100 0.237600 0 0 0 0 0 4
0.286700 0.197100 0.291700 0.291100 0.237600 0 0 0 0 0 4
0.286700 0.197100 0.286300 0.291100 0.237600 0 0 0 0 0 4
0.286700 0.197100 0.286300 0.286000 0.237600 0 0 0 0 0 4
0.286700 0.197100 0.286300 0.286000 0.234700 0 0 0 0 0 4
0.286900 0.197100 0.286300 0.286000 0.234700 0 0 0 0 0 4
0.286900 0.192800 0.286300 0.286000 0.234700 0 0 0 0 0 4
0.286900 0.192800 0.286200 0.286000 0.234700 0 0 0 0 0 4
0.286900 0.192800 0.286200 0.285900 0.234700 0 0 0 0 0 4
0.286900 0.192800 0.286200 0.285900 0.234300 0 0 0 0 0 4
0.287400 0.192800 0.286200 0.285900 0.234300 0 0 0 0 0 4
0.287400 0.189600 0.286200 0.285900 0.234300 0 0 0 0 0 4
0.287400 0.189600 0.287000 0.285900 0.234300 0 0 0 0 0 4
0.287400 0.189600 0.287000 0.286700 0.234300 0 0 0 0 0 4
0.287400 0.189600 0.287000 0.286700 0.233800 0 0 0 0 0 4
0.289900 0.289400 0.288600 0.193500 0.283000 0 0 0 0 0 14
0.289900 0.289400 0.288600 0.193500 0.287200 0 0 0 0 0 14
0.284100 0.292900 0.291700 0.205400 0.289300 0 0 0 0 0 14
0.284100 0.284000 0.291700 0.205400 0.289300 0 0 0 0 0 14
0.284100 0.284000 0.283800 0.205400 0.289300 0 0 0 0 0 14
0.285400 0.227100 0.286500 0.286600 0.286700 0 0 0 0 0 4
0.285400 0.227100 0.285000 0.286600 0.286700 0 0 0 0 0 4
0.285400 0.227100 0.285000 0.284700 0.286700 0 0 0 0 0 4
0.285400 0.227100 0.285000 0.284700 0.284500 0 0 0 0 0 4
0.286200 0.227100 0.285000 0.284700 0.284500 0 0 0 0 0 4
0.286200 0.224500 0.285000 0.284700 0.284500 0 0 0 0 0 4
0.286200 0.224500 0.285400 0.284700 0.284500 0 0 0 0 0 4
0.286200 0.224500 0.285400 0.285000 0.284500 0 0 0 0 0 4
0.286200 0.224500 0.285400 0.285000 0.282100 0 0 0 0 0 4
0.285800 0.224500 0.285400 0.285000 0.282100 0 0 0 0 0 4
0.285800 0.224800 0.285400 0.285000 0.282100 0 0 0 0 0 4
0.285800 0.224800 0.285000 0.285000 0.282100 0 0 0 0 0 4
0.285800 0.224800 0.285000 0.284600 0.282100 0 0 0 0 0 4
0.285800 0.224800 0.285000 0.284600 0.281100 0 0 0 0 0 4
0.289800 0.224800 0.285000 0.284600 0.281100 0 0 0 0 0 4
0.284300 0.284100 0.284000 0.226000 0.285400 0 0 0 0 0 14
0.284300 0.284100 0.284000 0.226000 0.283800 0 0 0 0 0 14
0.282900 0.194600 0.286600 0.286700 0.286900 0 0 0 0 0 4
0.282900 0.194600 0.282100 0.286700 0.286900 0 0 0 0 0 4
0.282900 0.194600 0.282100 0.281800 0.286900 0 0 0 0 0 4
0.282900 0.194600 0.282100 0.281800 0.249800 0 0 0 0 0 4
0.286900 0.194600 0.282100 0.281800 0.249800 0 0 0 0 0 4
0.286900 0.192600 0.282100 0.281800 0.249800 0 0 0 0 0 4
0.286900 0.192600 0.286200 0.281800 0.249800 0 0 0 0 0 4
0.286900 0.192600 0.286200 0.285900 0.249800 0 0 0 0 0 4
0.286900 0.192600 0.286200 0.285900 0.246900 0 0 0 0 0 4
0.287500 0.192600 0.286200 0.285900 0.246900 0 0 0 0 0 4
0.287500 0.236900 0.181100 0.285900 0.246900 0 0 0 0 0 11
0.287500 0.236900 0.181100 0.287200 0.246900 0 0 0 0 0 11
0.287500 0.236900 0.181100 0.287200 0.251400 0 0 0 0 0 11
0.285300 0.236900 0.181100 0.287200 0.251400 0 0 0 0 0 11
0.285300 0.218100 0.181100 0.287200 0.251400 0 0 0 0 0 4
0.285300 0.218100 0.285800 0.287200 0.251400 0 0 0 0 0 4
0.285300 0.218100 0.285800 0.286000 0.251400 0 0 0 0 0 4
0.285300 0.218100 0.285800 0.286000 0.248200 0 0 0 0 0 4
0.293900 0.293500 0.292900 0.191800 0.284800 0 0 0 0 0 14
0.293900 0.293500 0.292900 0.191800 0.291700 0 0 0 0 0 14
0.284900 0.284700 0.284400 0.214800 0.282700 0 0 0 0 0 14
0.284900 0.284700 0.284400 0.214800 0.284000 0 0 0 0 0 14
0.283300 0.284700 0.284400 0.214800 0.284000 0 0 0 0 0 14
0.283300 0.283100 0.284400 0.214800 0.284000 0 0 0 0 0 14
0.283300 0.283100 0.282600 0.214800 0.284000 0 0 0 0 0 14
0.283300 0.283100 0.282600 0.229700 0.284000 0 0 0 0 0 14
0.283300 0.283100 0.282600 0.229700 0.281600 0 0 0 0 0 14
0.286900 0.205900 0.280800 0.280900 0.281000 0 0 0 0 0 4
0.286900 0.205900 0.285900 0.280900 0.281000 0 0 0 0 0 4
0.286900 0.205900 0.285900 0.285300 0.281000 0 0 0 0 0 4
0.286900 0.205900 0.285900 0.285300 0.274300 0 0 0 0 0 4
0.282000 0.281600 0.281000 0.211100 0.283100 0 0 0 0 0 14
0.282000 0.281600 0.281000 0.211100 0.279800 0 0 0 0 0 14
0.250300 0.177100 0.287900 0.287500 0.284200 0 0 0 0 0 4
0.250300 0.177100 0.282400 0.287500 0.284200 0 0 0 0 0 4
0.250300 0.177100 0.282400 0.282400 0.284200 0 0 0 0 0 4
0.250300 0.177100 0.282400 0.282400 0.228700 0 0 0 0 0 3
0.283400 0.177100 0.282400 0.282400 0.228700 0 0 0 0 0 3
0.283400 0.182500 0.282400 0.282400 0.228700 0 0 0 0 0 3
0.283400 0.182500 0.284300 0.282400 0.228700 0 0 0 0 0 3
0.283400 0.182500 0.284300 0.284400 0.228700 0 0 0 0 0 3
0.283400 0.182500 0.284300 0.284400 0.234600 0 0 0 0 0 4
0.270700 0.182500 0.284300 0.284400 0.234600 0 0 0 0 0 4
0.270700 0.172900 0.284300 0.284400 0.234600 0 0 0 0 0 4
0.270700 0.172900 0.283900 0.284400 0.234600 0 0 0 0 0 4
0.270700 0.172900 0.283900 0.283900 0.234600 0 0 0 0 0 4
0.270700 0.172900 0.283900 0.283900 0.232000 0 0 0 0 0 4
0.285500 0.284900 0.184800 0.293000 0.293000 0 0 0 0 0 11
0.285500 0.284900 0.184800 0.283200 0.293000 0 0 0 0 0 11
0.285500 0.284900 0.184800 0.283200 0.279100 0 0 0 0 0 11
0.287900 0.284900 0.184800 0.283200 0.279100 0 0 0 0 0 11
0.287900 0.287600 0.184800 0.283200 0.279100 0 0 0 0 0 11
0.287900 0.287600 0.180400 0.283200 0.279100 0 0 0 0 0 11
0.287900 0.287600 0.180400 0.286400 0.279100 0 0 0 0 0 11
0.287900 0.287600 0.180400 0.286400 0.274800 0 0 0 0 0 11
0.286600 0.286000 0.217200 0.281100 0.280600 0 0 0 0 0 11
0.286600 0.286000 0.217200 0.284600 0.280600 0 0 0 0 0 11
0.286600 0.286000 0.217200 0.284600 0.283900 0 0 0 0 0 11
0.290900 0.286000 0.217200 0.284600 0.283900 0 0 0 0 0 11
0.290900 0.289800 0.217200 0.284600 0.283900 0 0 0 0 0 11
0.262300 0.243800 0.225400 0.264400 0.246800 0 0 0 0 0 11
0.262300 0.243800 0.225400 0.211400 0.246800 0 0 0 0 0 10
0.262300 0.243800 0.225400 0.211400 0.211200 0 0 0 0 0 6
0.259900 0.243800 0.225400 0.211400 0.211200 0 0 0 0 0 6
0.259900 0.241500 0.225400 0.211400 0.211200 0 0 0 0 0 6
0.259900 0.241500 0.223300 0.211400 0.211200 0 0 0 0 0 6
0.259900 0.241500 0.223300 0.210600 0.211200 0 0 0 0 0 6
0.259900 0.241500 0.223300 0.210600 0.210600 0 0 0 0 0 6
0.259200 0.241500 0.223300 0.210600 0.210600 0 0 0 0 0 6
0.259200 0.240600 0.223300 0.210600 0.210600 0 0 0 0 0 6
0.259200 0.240600 0.222200 0.210600 0.210600 0 0 0 0 0 6
0.259200 0.240600 0.222200 0.209600 0.210600 0 0 0 0 0 6
0.259200 0.240600 0.222200 0.209600 0.209700 0 0 0 0 0 6
0.154300 0.284400 0.284000 0.283700 0.250500 0 0 0 0 0 13
0.154300 0.286100 0.284000 0.283700 0.250500 0 0 0 0 0 13
0.154300 0.286100 0.286200 0.283700 0.250500 0 0 0 0 0 13
0.154300 0.286100 0.286200 0.286300 0.250500 0 0 0 0 0 13
0.154300 0.286100 0.286200 0.286300 0.248000 0 0 0 0 0 13
0.224400 0.261600 0.262100 0.262600 0.263200 0 0 0 0 0 13
0.224400 0.224300 0.262100 0.262600 0.263200 0 0 0 0 0 4
0.224400 0.224300 0.224400 0.262600 0.263200 0 0 0 0 0 4
0.224400 0.224300 0.224400 0.224400 0.263200 0 0 0 0 0 4
0.224400 0.224300 0.224400 0.224400 0.224600 0 0 0 0 0 0
0.239600 0.224300 0.224400 0.224400 0.224600 0 0 0 0 0 1
0.239600 0.231000 0.224400 0.224400 0.224600 0 0 0 0 0 6
0.239600 0.231000 0.222100 0.224400 0.224600 0 0 0 0 0 6
0.239600 0.231000 0.222100 0.213300 0.224600 0 0 0 0 0 6
0.239600 0.231000 0.222100 0.213300 0.204900 0 0 0 0 0 6
0.233500 0.231000 0.222100 0.213300 0.204900 0 0 0 0 0 6
0.233500 0.227600 0.222100 0.213300 0.204900 0 0 0 0 0 1
0.233500 0.227600 0.221700 0.213300 0.204900 0 0 0 0 0 1
0.233500 0.227600 0.221700 0.215700 0.204900 0 0 0 0 0 1
0.233500 0.227600 0.221700 0.215700 0.210200 0 0 0 0 0 1
0.257800 0.227600 0.221700 0.215700 0.210200 0 0 0 0 0 1
0.257800 0.242100 0.221700 0.215700 0.210200 0 0 0 0 0 6
0.257800 0.242100 0.225600 0.215700 0.210200 0 0 0 0 0 6
0.257800 0.242100 0.225600 0.209200 0.210200 0 0 0 0 0 6
0.257800 0.242100 0.225600 0.209200 0.205400 0 0 0 0 0 6
0.246100 0.242100 0.225600 0.209200 0.205400 0 0 0 0 0 6
0.246100 0.234900 0.225600 0.209200 0.205400 0 0 0 0 0 6
0.246100 0.234900 0.223300 0.209200 0.205400 0 0 0 0 0 6
0.246100 0.234900 0.223300 0.211700 0.205400 0 0 0 0 0 6
0.246100 0.234900 0.223300 0.211700 0.203500 0 0 0 0 0 6
0.236900 0.234900 0.223300 0.211700 0.203500 0 0 0 0 0 6
0.236900 0.229100 0.223300 0.211700 0.203500 0 0 0 0 0 1
0.236900 0.229100 0.221200 0.211700 0.203500 0 0 0 0 0 1
0.236900 0.229100 0.221200 0.213200 0.203500 0 0 0 0 0 1
0.236900 0.229100 0.221200 0.213200 0.205700 0 0 0 0 0 1
0.284500 0.239200 0.284200 0.284100 0.220300 0 0 0 0 0 8
0.285400 0.239200 0.284200 0.284100 0.220300 0 0 0 0 0 8
0.285400 0.234300 0.284200 0.284100 0.220300 0 0 0 0 0 8
0.285400 0.234300 0.285400 0.284100 0.220300 0 0 0 0 0 8
0.285400 0.234300 0.285400 0.285400 0.220300 0 0 0 0 0 8
0.285400 0.234300 0.285400 0.285400 0.216400 0 0 0 0 0 8
0.280300 0.234300 0.285400 0.285400 0.216400 0 0 0 0 0 8
0.280300 0.239800 0.285400 0.285400 0.216400 0 0 0 0 0 8
0.280300 0.239800 0.280000 0.285400 0.216400 0 0 0 0 0 8
0.280300 0.239800 0.280000 0.279900 0.216400 0 0 0 0 0 8
0.280300 0.239800 0.280000 0.279900 0.221100 0 0 0 0 0 8
0.291300 0.290900 0.290500 0.177200 0.287800 0 0 0 0 0 14
0.291300 0.290900 0.290500 0.177200 0.289800 0 0 0 0 0 14
0.289300 0.229900 0.244400 0.286100 0.265900 0 0 0 0 0 4
0.289300 0.229900 0.153200 0.286100 0.265900 0 0 0 0 0 4
0.289300 0.229900 0.153200 0.288200 0.265900 0 0 0 0 0 4
0.289300 0.229900 0.153200 0.288200 0.208600 0 0 0 0 0 2
0.287300 0.229900 0.153200 0.288200 0.208600 0 0 0 0 0 2
0.287300 0.218700 0.153200 0.288200 0.208600 0 0 0 0 0 2
0.287300 0.218700 0.135800 0.288200 0.208600 0 0 0 0 0 2
0.287300 0.218700 0.135800 0.285300 0.208600 0 0 0 0 0 2
0.287300 0.218700 0.135800 0.285300 0.205600 0 0 0 0 0 2
0.286100 0.218700 0.135800 0.285300 0.205600 0 0 0 0 0 2
0.286100 0.217900 0.135800 0.285300 0.205600 0 0 0 0 0 2
0.286100 0.217900 0.134500 0.285300 0.205600 0 0 0 0 0 2
0.286100 0.217900 0.134500 0.284600 0.205600 0 0 0 0 0 2
0.286100 0.217900 0.134500 0.284600 0.205100 0 0 0 0 0 2
0.286100 0.217900 0.134500 0.284600 0.205100 0 0 0 0 0 2
0.286100 0.217800 0.134500 0.284600 0.205100 0 0 0 0 0 2
0.286100 0.217800 0.134800 0.284600 0.205100 0 0 0 0 0 2
0.286100 0.217800 0.134800 0.284600 0.205100 0 0 0 0 0 2
0.286100 0.217800 0.134800 0.284600 0.205100 0 0 0 0 0 2
0.287000 0.286900 0.286700 0.286600 0.202800 0 0 0 0 0 8
0.286100 0.286900 0.286700 0.286600 0.202800 0 0 0 0 0 8
0.286100 0.285700 0.286700 0.286600 0.202800 0 0 0 0 0 8
0.286100 0.285700 0.285400 0.286600 0.202800 0 0 0 0 0 8
0.286100 0.285700 0.285400 0.285000 0.202800 0 0 0 0 0 8
0.290400 0.289900 0.289200 0.288500 0.196000 0 0 0 0 0 8
0.287200 0.289900 0.289200 0.288500 0.196000 0 0 0 0 0 8
0.287200 0.286800 0.289200 0.288500 0.196000 0 0 0 0 0 8
0.287200 0.286800 0.286500 0.288500 0.196000 0 0 0 0 0 8
0.287200 0.286800 0.286500 0.286100 0.196000 0 0 0 0 0 8
0.287200 0.286800 0.286500 0.286100 0.219300 0 0 0 0 0 8
0.287700 0.286800 0.286500 0.286100 0.219300 0 0 0 0 0 8
0.287700 0.287400 0.286500 0.286100 0.219300 0 0 0 0 0 8
0.287700 0.287400 0.286900 0.286100 0.219300 0 0 0 0 0 8
0.287700 0.287400 0.286900 0.286400 0.219300 0 0 0 0 0 8
0.289900 0.289500 0.289100 0.288800 0.191300 0 0 0 0 0 8
0.285300 0.285200 0.285100 0.285000 0.100000 0 0 0 0 0 8
0.283900 0.283400 0.282700 0.281900 0.189900 0 0 0 0 0 8
0.292400 0.291700 0.290700 0.289800 0.185900 0 0 0 0 0 8
0.286400 0.291700 0.290700 0.289800 0.185900 0 0 0 0 0 8
0.286400 0.285800 0.290700 0.289800 0.185900 0 0 0 0 0 8
0.286400 0.285800 0.285100 0.289800 0.185900 0 0 0 0 0 8
0.286400 0.285800 0.285100 0.284400 0.185900 0 0 0 0 0 8
0.286400 0.285800 0.285100 0.284400 0.143600 0 0 0 0 0 8
0.209500 0.289600 0.289500 0.289400 0.289200 0 0 0 0 0 13
0.209500 0.287400 0.289500 0.289400 0.289200 0 0 0 0 0 13
0.209500 0.287400 0.286800 0.289400 0.289200 0 0 0 0 0 13
0.209500 0.287400 0.286800 0.286200 0.289200 0 0 0 0 0 13
0.209500 0.287400 0.286800 0.286200 0.285600 0 0 0 0 0 13
0.199100 0.287400 0.286800 0.286200 0.285600 0 0 0 0 0 13
0.199100 0.286500 0.286800 0.286200 0.285600 0 0 0 0 0 13
0.199100 0.286500 0.286000 0.286200 0.285600 0 0 0 0 0 13
0.199100 0.286500 0.286000 0.285500 0.285600 0 0 0 0 0 13
0.199100 0.286500 0.286000 0.285500 0.285000 0 0 0 0 0 13
0.288000 0.287600 0.287000 0.246400 0.195100 0 0 0 0 0 8
0.290100 0.283400 0.283100 0.269100 0.217300 0 0 0 0 0 8
0.290100 0.289700 0.283100 0.269100 0.217300 0 0 0 0 0 8
0.290100 0.289700 0.289300 0.269100 0.217300 0 0 0 0 0 8
0.290100 0.289700 0.289300 0.289000 0.217300 0 0 0 0 0 8
0.290700 0.290700 0.290700 0.290700 0.216000 0 0 0 0 0 8
0.289000 0.290700 0.290700 0.290700 0.216000 0 0 0 0 0 8
0.289000 0.289200 0.290700 0.290700 0.216000 0 0 0 0 0 8
0.289000 0.289200 0.289400 0.290700 0.216000 0 0 0 0 0 8
0.289000 0.289200 0.289400 0.289700 0.216000 0 0 0 0 0 8
0.289000 0.289200 0.289400 0.289700 0.212800 0 0 0 0 0 8
0.285700 0.289200 0.289400 0.289700 0.212800 0 0 0 0 0 8
0.285700 0.286000 0.289400 0.289700 0.212800 0 0 0 0 0 8
0.285700 0.286000 0.286200 0.289700 0.212800 0 0 0 0 0 8
0.285700 0.286000 0.286200 0.286400 0.212800 0 0 0 0 0 8
0.289200 0.288900 0.288500 0.288100 0.172200 0 0 0 0 0 8
0.286600 0.288900 0.288500 0.288100 0.172200 0 0 0 0 0 8
0.286600 0.286300 0.288500 0.288100 0.172200 0 0 0 0 0 8
0.286600 0.286300 0.285900 0.288100 0.172200 0 0 0 0 0 8
0.286600 0.286300 0.285900 0.285600 0.172200 0 0 0 0 0 8
0.286600 0.286300 0.285900 0.285600 0.197700 0 0 0 0 0 8
0.290200 0.289900 0.289500 0.289000 0.163600 0 0 0 0 0 8
0.285000 0.289900 0.289500 0.289000 0.163600 0 0 0 0 0 8
0.285000 0.285000 0.289500 0.289000 0.163600 0 0 0 0 0 8
0.285000 0.285000 0.285000 0.289000 0.163600 0 0 0 0 0 8
0.285000 0.285000 0.285000 0.285000 0.163600 0 0 0 0 0 8
0.285000 0.285000 0.285000 0.285000 0.127100 0 0 0 0 0 8
0.286500 0.285400 0.285100 0.284900 0.161800 0 0 0 0 0 8
0.286500 0.286300 0.285100 0.284900 0.161800 0 0 0 0 0 8
0.286500 0.286300 0.286200 0.284900 0.161800 0 0 0 0 0 8
0.286500 0.286300 0.286200 0.286100 0.161800 0 0 0 0 0 8
0.286500 0.286300 0.286200 0.286100 0.211000 0 0 0 0 0 8
0.283200 0.286300 0.286200 0.286100 0.211000 0 0 0 0 0 8
0.283200 0.282900 0.286200 0.286100 0.211000 0 0 0 0 0 8
0.283200 0.282900 0.282500 0.286100 0.211000 0 0 0 0 0 8
0.283200 0.282900 0.282500 0.282100 0.211000 0 0 0 0 0 8
0.283200 0.282900 0.282500 0.282100 0.213300 0 0 0 0 0 8
0.287000 0.286600 0.286000 0.285500 0.223600 0 0 0 0 0 8
0.285400 0.286600 0.286000 0.285500 0.223600 0 0 0 0 0 8
0.285400 0.284900 0.286000 0.285500 0.223600 0 0 0 0 0 8
0.285400 0.284900 0.284200 0.285500 0.223600 0 0 0 0 0 8
0.285400 0.284900 0.284200 0.283500 0.223600 0 0 0 0 0 8
0.285400 0.284900 0.284200 0.283500 0.215100 0 0 0 0 0 8
